32
0 13 62 91 40 21 21 9 80 48 11 6 49 34 86 76 84 39 42 72 0 44 93 17 86 56 1 12 13 69 10 31
13 0 38 70 84 35 57 92 5 3 62 84 92 39 85 89 29 76 20 77 42 40 33 42 49 100000 20 75 49 5 88 53
62 38 0 38 32 88 35 73 97 86 50 51 73 100000 77 2 5 27 14 16 33 71 20 27 83 65 40 27 73 48 70 67
91 70 38 0 16 11 96 25 80 88 66 27 95 32 100000 14 21 82 23 94 38 52 43 39 74 16 50 55 19 64 15 72
40 84 32 16 0 4 57 16 66 21 75 85 61 45 80 98 55 82 29 43 38 52 92 69 54 86 73 31 6 89 59 68
21 35 88 11 4 0 8 42 91 68 15 98 48 33 94 38 55 100 70 6 89 58 15 87 26 20 52 70 76 92 29 72
21 57 35 96 57 8 0 3 33 6 11 49 33 15 61 59 5 83 22 51 81 70 43 15 26 37 14 74 41 48 2 93
9 92 73 25 16 42 3 0 50 72 16 79 58 39 13 36 39 81 81 83 75 10 7 22 35 69 28 51 82 40 9 46
80 5 97 80 66 91 33 50 0 67 27 2 92 98 87 29 95 87 75 73 69 6 24 70 38 29 21 84 10 57 66 98
48 3 86 88 21 68 6 72 67 0 53 83 90 55 82 24 98 68 91 8 86 11 80 1 29 31 63 98 99 12 84 24
11 62 50 66 75 15 11 16 27 53 0 90 68 67 53 100000 87 54 2 94 48 37 100 88 11 79 66 62 65 5 10 38
6 84 51 27 85 98 49 79 2 83 90 0 48 4 15 46 51 78 76 95 88 75 60 10 87 39 63 13 51 80 15 63
49 92 73 95 61 48 33 58 92 90 68 48 0 90 13 29 93 85 64 63 78 34 58 4 70 81 66 9 27 100000 6 30
34 39 100000 32 45 33 15 39 98 55 67 4 90 0 21 66 25 73 62 61 79 30 23 35 61 50 52 78 23 13 31 90
86 85 77 100000 80 94 61 13 87 82 53 15 13 21 0 98 40 20 77 73 75 67 96 15 61 88 44 20 53 86 24 88
76 89 2 14 98 38 59 36 29 24 100000 46 29 66 98 0 94 81 65 91 25 10 44 87 21 54 44 17 100 61 17 50
84 29 5 21 55 55 5 39 95 98 87 51 93 25 40 94 0 40 51 51 23 63 41 61 27 45 72 62 78 99 32 89
39 76 27 82 82 100 83 81 87 68 54 78 85 73 20 81 40 0 60 86 76 87 72 34 27 21 49 56 70 100000 43 82
42 20 14 23 29 70 22 81 75 91 2 76 64 62 77 65 51 60 0 15 71 79 90 93 100 48 93 18 39 1 83 48
72 77 16 94 43 6 51 83 73 8 94 95 63 61 73 91 51 86 15 0 81 74 0 97 9 100000 89 24 81 55 65 60
0 42 33 38 38 89 81 75 69 86 48 88 78 79 75 25 23 76 71 81 0 73 66 74 1 17 69 86 55 32 20 18
44 40 71 52 52 58 70 10 6 11 37 75 34 30 67 10 63 87 79 74 73 0 56 31 63 90 19 73 77 36 40 27
93 33 20 43 92 15 43 7 24 80 100 60 58 23 96 44 41 72 90 0 66 56 0 2 89 58 83 58 86 49 39 63
17 42 27 39 69 87 15 22 70 1 88 10 4 35 15 87 61 34 93 97 74 31 2 0 12 98 89 44 93 20 55 73
86 49 83 74 54 26 26 35 38 29 11 87 70 61 61 21 27 27 100 9 1 63 89 12 0 54 95 11 74 75 60 13
56 100000 65 16 86 20 37 69 29 31 79 39 81 50 88 54 45 21 48 100000 17 90 58 98 54 0 69 29 3 26 38 61
1 20 40 50 73 52 14 28 21 63 66 63 66 52 44 44 72 49 93 89 69 19 83 89 95 69 0 62 82 99 41 75
12 75 27 55 31 70 74 51 84 98 62 13 9 78 20 17 62 56 18 24 86 73 58 44 11 29 62 0 1 97 20 73
13 49 73 19 6 76 41 82 10 99 65 51 27 23 53 100 78 70 39 81 55 77 86 93 74 3 82 1 0 12 8 72
69 5 48 64 89 92 48 40 57 12 5 80 100000 13 86 61 99 100000 1 55 32 36 49 20 75 26 99 97 12 0 60 64
10 88 70 15 59 29 2 9 66 84 10 15 6 31 24 17 32 43 83 65 20 40 39 55 60 38 41 20 8 60 0 88
31 53 67 72 68 72 93 46 98 24 38 63 30 90 88 50 89 82 48 60 18 27 63 73 13 61 75 73 72 64 88 0
