32
0 34 81 34 43 71 79 75 85 11 84 75 90 59 27 20 73 19 1 8 18 96 84 16 63 92 49 59 90 74 2 40
34 0 35 14 93 91 24 29 47 85 18 0 18 17 43 73 23 56 25 57 24 38 90 4 6 94 48 80 96 58 97 32
81 35 0 65 25 96 63 77 20 59 91 12 22 43 16 59 45 24 24 24 36 13 5 22 46 62 31 4 25 45 61 80
34 14 65 0 98 70 58 42 55 81 64 28 59 65 70 97 56 54 37 88 10 0 53 21 98 59 27 94 16 12 94 62
43 93 25 98 0 61 73 2 50 71 46 89 75 65 7 22 42 33 94 18 25 82 85 38 43 90 78 43 80 72 97 42
71 91 96 70 61 0 100 56 70 69 79 12 0 33 76 62 72 30 73 72 42 50 36 70 67 38 69 29 24 46 11 7
79 24 63 58 73 100 0 67 85 42 74 6 45 98 76 61 55 68 27 74 71 26 41 71 79 61 80 3 36 79 40 28
75 29 77 42 2 56 67 0 81 56 56 13 5 33 100000 34 81 54 85 100 99 49 67 77 24 68 55 48 95 33 6 21
85 47 20 55 50 70 85 81 0 36 36 10 3 44 67 78 68 17 95 45 63 50 91 2 100000 48 81 36 31 89 0 49
11 85 59 81 71 69 42 56 36 0 19 83 88 82 1 70 43 4 54 100000 32 26 34 73 65 39 32 47 62 79 100000 55
84 18 91 64 46 79 74 56 36 19 0 63 66 92 1 91 41 7 9 59 81 14 30 55 17 30 41 61 63 44 3 13
75 0 12 28 89 12 6 13 10 83 63 0 23 4 10 60 1 19 8 71 79 69 9 35 80 56 81 89 81 20 1 76
90 18 22 59 75 0 45 5 3 88 66 23 0 29 14 62 16 94 57 83 40 51 84 24 92 15 51 43 70 61 12 55
59 17 43 65 65 33 98 33 44 82 92 4 29 0 59 27 26 58 84 48 62 90 15 85 77 92 67 86 99 36 61 92
27 43 16 70 7 76 76 100000 67 1 1 10 14 59 0 63 48 29 52 63 33 95 3 93 72 91 76 37 61 74 100000 53
20 73 59 97 22 62 61 34 78 70 91 60 62 27 63 0 50 96 58 34 76 52 53 58 31 38 87 61 78 65 89 57
73 23 45 56 42 72 55 81 68 43 41 1 16 26 48 50 0 96 27 74 7 86 87 98 47 22 76 44 54 14 57 36
19 56 24 54 33 30 68 54 17 4 7 19 94 58 29 96 96 0 6 74 7 18 22 70 64 39 15 96 27 10 95 4
1 25 24 37 94 73 27 85 95 54 9 8 57 84 52 58 27 6 0 66 71 53 15 87 84 100 26 32 35 56 92 23
8 57 24 88 18 72 74 100 45 100000 59 71 83 48 63 34 74 74 66 0 46 73 70 75 90 49 53 33 91 95 48 5
18 24 36 10 25 42 71 99 63 32 81 79 40 62 33 76 7 7 71 46 0 30 50 47 48 66 54 29 2 29 63 78
96 38 13 0 82 50 26 49 50 26 14 69 51 90 95 52 86 18 53 73 30 0 21 25 97 53 68 59 79 21 72 89
84 90 5 53 85 36 41 67 91 34 30 9 84 15 3 53 87 22 15 70 50 21 0 76 43 14 75 100000 26 73 89 23
16 4 22 21 38 70 71 77 2 73 55 35 24 85 93 58 98 70 87 75 47 25 76 0 26 33 47 65 33 85 56 21
63 6 46 98 43 67 79 24 100000 65 17 80 92 77 72 31 47 64 84 90 48 97 43 26 0 7 24 1 92 65 70 78
92 94 62 59 90 38 61 68 48 39 30 56 15 92 91 38 22 39 100 49 66 53 14 33 7 0 74 16 19 41 30 84
49 48 31 27 78 69 80 55 81 32 41 81 51 67 76 87 76 15 26 53 54 68 75 47 24 74 0 86 6 7 74 39
59 80 4 94 43 29 3 48 36 47 61 89 43 86 37 61 44 96 32 33 29 59 100000 65 1 16 86 0 64 44 33 9
90 96 25 16 80 24 36 95 31 62 63 81 70 99 61 78 54 27 35 91 2 79 26 33 92 19 6 64 0 92 1 20
74 58 45 12 72 46 79 33 89 79 44 20 61 36 74 65 14 10 56 95 29 21 73 85 65 41 7 44 92 0 58 44
2 97 61 94 97 11 40 6 0 100000 3 1 12 61 100000 89 57 95 92 48 63 72 89 56 70 30 74 33 1 58 0 59
40 32 80 62 42 7 28 21 49 55 13 76 55 92 53 57 36 4 23 5 78 89 23 21 78 84 39 9 20 44 59 0
