16
0 34 8 65 91 37 29 14 59 39 13 19 25 39 100000 99
34 0 93 12 18 2 4 49 20 70 77 98 48 30 8 42
8 93 0 62 49 38 74 87 67 83 3 10 77 46 96 47
65 12 62 0 57 46 100 2 35 2 0 23 19 21 23 88
91 18 49 57 0 93 98 74 92 58 65 65 49 81 54 97
37 2 38 46 93 0 62 56 32 93 55 3 11 60 67 45
29 4 74 100 98 62 0 25 14 66 17 75 28 88 32 9
14 49 87 2 74 56 25 0 34 33 6 72 29 27 63 34
59 20 67 35 92 32 14 34 0 11 87 100000 78 77 18 94
39 70 83 2 58 93 66 33 11 0 55 15 28 46 100 74
13 77 3 0 65 55 17 6 87 55 0 35 52 79 83 2
19 98 10 23 65 3 75 72 100000 15 35 0 72 48 40 91
25 48 77 19 49 11 28 29 78 28 52 72 0 1 59 73
39 30 46 21 81 60 88 27 77 46 79 48 1 0 61 29
100000 8 96 23 54 67 32 63 18 100 83 40 59 61 0 54
99 42 47 88 97 45 9 34 94 74 2 91 73 29 54 0
