32
0 84 10 42 84 75 46 50 28 21 84 45 39 89 82 98 50 57 47 55 76 10 88 17 59 97 35 30 62 45 51 67
84 0 31 69 67 71 60 86 13 18 27 12 3 29 93 69 38 72 8 75 83 66 82 78 56 93 54 80 53 74 42 59
10 31 0 69 72 38 51 25 4 66 82 100000 76 31 78 70 30 26 71 87 52 98 97 50 8 1 58 17 86 90 20 36
42 69 69 0 55 45 60 82 53 83 19 0 48 70 37 41 87 48 53 41 97 6 63 13 3 39 37 30 44 38 67 8
84 67 72 55 0 8 35 24 16 7 67 66 46 92 1 62 61 64 39 85 49 14 32 21 45 28 87 45 97 38 91 33
75 71 38 45 8 0 20 13 95 99 76 72 51 19 1 30 70 84 77 86 93 91 100 30 33 22 55 10 11 75 100 78
46 60 51 60 35 20 0 83 2 23 72 51 88 14 78 62 82 13 33 71 27 27 17 53 8 34 96 42 52 49 85 35
50 86 25 82 24 13 83 0 20 75 64 41 22 63 0 69 41 100 79 3 72 68 54 23 81 40 44 5 0 53 4 61
28 13 4 53 16 95 2 20 0 8 34 70 71 42 38 81 42 55 2 2 89 86 46 41 46 11 61 24 22 63 72 35
21 18 66 83 7 99 23 75 8 0 47 2 69 1 93 100000 38 5 84 47 88 12 78 57 0 61 26 35 8 13 41 1
84 27 82 19 67 76 72 64 34 47 0 30 22 58 29 77 52 90 87 52 72 87 77 86 87 30 27 58 90 9 80 93
45 12 100000 0 66 72 51 41 70 2 30 0 43 29 17 6 6 57 81 59 11 40 85 31 92 70 83 62 69 86 71 9
39 3 76 48 46 51 88 22 71 69 22 43 0 85 47 63 85 66 86 30 9 85 68 88 10 0 95 58 17 15 15 51
89 29 31 70 92 19 14 63 42 1 58 29 85 0 2 56 0 59 100 0 54 89 77 17 55 75 34 73 37 69 60 100000
82 93 78 37 1 1 78 0 38 93 29 17 47 2 0 77 51 94 1 54 93 21 14 50 45 58 43 83 72 26 59 70
98 69 70 41 62 30 62 69 81 100000 77 6 63 56 77 0 50 76 62 31 15 14 22 71 47 51 48 14 5 3 27 97
50 38 30 87 61 70 82 41 42 38 52 6 85 0 51 50 0 38 10 52 59 52 5 93 100 1 97 2 78 31 77 98
57 72 26 48 64 84 13 100 55 5 90 57 66 59 94 76 38 0 64 80 73 76 11 1 3 72 15 84 22 13 65 100000
47 8 71 53 39 77 33 79 2 84 87 81 86 100 1 62 10 64 0 35 55 26 22 50 57 59 76 24 100000 51 64 36
55 75 87 41 85 86 71 3 2 47 52 59 30 0 54 31 52 80 35 0 6 19 22 20 38 34 87 28 100000 41 80 32
76 83 52 97 49 93 27 72 89 88 72 11 9 54 93 15 59 73 55 6 0 49 23 25 6 89 9 10 52 25 24 99
10 66 98 6 14 91 27 68 86 12 87 40 85 89 21 14 52 76 26 19 49 0 70 84 69 92 32 6 78 33 85 18
88 82 97 63 32 100 17 54 46 78 77 85 68 77 14 22 5 11 22 22 23 70 0 77 34 0 18 0 18 86 52 83
17 78 50 13 21 30 53 23 41 57 86 31 88 17 50 71 93 1 50 20 25 84 77 0 61 85 0 18 48 7 84 50
59 56 8 3 45 33 8 81 46 0 87 92 10 55 45 47 100 3 57 38 6 69 34 61 0 83 7 61 68 67 53 75
97 93 1 39 28 22 34 40 11 61 30 70 0 75 58 51 1 72 59 34 89 92 0 85 83 0 27 92 72 5 27 42
35 54 58 37 87 55 96 44 61 26 27 83 95 34 43 48 97 15 76 87 9 32 18 0 7 27 0 56 4 6 21 99
30 80 17 30 45 10 42 5 24 35 58 62 58 73 83 14 2 84 24 28 10 6 0 18 61 92 56 0 20 22 39 32
62 53 86 44 97 11 52 0 22 8 90 69 17 37 72 5 78 22 100000 100000 52 78 18 48 68 72 4 20 0 81 17 82
45 74 90 38 38 75 49 53 63 13 9 86 15 69 26 3 31 13 51 41 25 33 86 7 67 5 6 22 81 0 0 49
51 42 20 67 91 100 85 4 72 41 80 71 15 60 59 27 77 65 64 80 24 85 52 84 53 27 21 39 17 0 0 69
67 59 36 8 33 78 35 61 35 1 93 9 51 100000 70 97 98 100000 36 32 99 18 83 50 75 42 99 32 82 49 69 0
