32
0 40 49 59 89 73 21 82 40 41 90 4 2 85 19 81 91 3 67 7 40 17 4 90 40 39 93 27 56 60 15 51
40 0 47 29 64 97 60 82 60 61 1 46 49 68 92 50 57 37 25 37 43 13 87 43 45 90 77 25 70 54 75 99
49 47 0 6 74 73 71 53 44 35 44 79 43 95 46 35 89 76 36 95 86 89 47 96 55 5 12 60 50 75 38 22
59 29 6 0 15 35 18 33 29 34 32 72 5 13 55 98 90 50 88 17 31 53 97 63 19 91 50 42 89 71 84 76
89 64 74 15 0 15 89 76 51 21 73 60 24 53 87 90 33 77 0 85 99 85 24 100 76 11 63 63 80 14 50 100000
73 97 73 35 15 0 100000 76 7 87 88 50 85 21 16 0 87 14 27 37 72 18 87 70 51 66 4 1 38 65 54 39
21 60 71 18 89 100000 0 98 49 4 93 51 52 94 21 50 79 19 68 21 26 28 49 63 82 34 33 93 10 81 19 62
82 82 53 33 76 76 98 0 52 48 10 3 44 70 49 60 67 42 75 10 52 46 16 4 8 28 7 8 23 21 15 16
40 60 44 29 51 7 49 52 0 18 37 87 41 85 60 11 27 84 37 97 67 4 78 69 58 67 29 0 13 3 22 77
41 61 35 34 21 87 4 48 18 0 0 91 92 68 25 49 2 60 21 29 57 36 77 64 91 40 9 61 60 48 6 27
90 1 44 32 73 88 93 10 37 0 0 33 14 98 33 0 78 70 35 75 13 78 40 91 72 39 70 22 16 24 37 75
4 46 79 72 60 50 51 3 87 91 33 0 7 56 46 83 89 17 87 9 38 91 94 91 16 26 88 22 3 39 98 78
2 49 43 5 24 85 52 44 41 92 14 7 0 61 21 53 70 92 81 3 43 40 73 44 44 97 52 84 70 6 28 26
85 68 95 13 53 21 94 70 85 68 98 56 61 0 39 79 99 79 60 88 25 83 74 43 56 57 47 54 12 69 53 11
19 92 46 55 87 16 21 49 60 25 33 46 21 39 0 6 70 38 40 31 98 98 93 89 27 71 62 31 66 65 78 100
81 50 35 98 90 0 50 60 11 49 0 83 53 79 6 0 2 4 0 88 57 70 96 16 7 41 23 9 97 14 92 39
91 57 89 90 33 87 79 67 27 2 78 89 70 99 70 2 0 25 16 90 4 41 25 48 59 32 27 29 61 54 60 97
3 37 76 50 77 14 19 42 84 60 70 17 92 79 38 4 25 0 100 52 76 18 36 83 42 99 53 30 56 10 33 78
67 25 36 88 0 27 68 75 37 21 35 87 81 60 40 0 16 100 0 52 94 44 93 100 48 20 51 39 85 28 81 17
7 37 95 17 85 37 21 10 97 29 75 9 3 88 31 88 90 52 52 0 62 65 15 21 83 94 62 52 25 39 5 99
40 43 86 31 99 72 26 52 67 57 13 38 43 25 98 57 4 76 94 62 0 81 29 43 6 15 100000 60 13 77 24 91
17 13 89 53 85 18 28 46 4 36 78 91 40 83 98 70 41 18 44 65 81 0 92 2 93 43 100 20 68 20 94 89
4 87 47 97 24 87 49 16 78 77 40 94 73 74 93 96 25 36 93 15 29 92 0 23 14 23 43 9 92 94 73 96
90 43 96 63 100 70 63 4 69 64 91 91 44 43 89 16 48 83 100 21 43 2 23 0 69 37 80 41 28 30 99 33
40 45 55 19 76 51 82 8 58 91 72 16 44 56 27 7 59 42 48 83 6 93 14 69 0 42 25 31 64 67 66 15
39 90 5 91 11 66 34 28 67 40 39 26 97 57 71 41 32 99 20 94 15 43 23 37 42 0 43 1 65 63 76 36
93 77 12 50 63 4 33 7 29 9 70 88 52 47 62 23 27 53 51 62 100000 100 43 80 25 43 0 40 30 82 73 20
27 25 60 42 63 1 93 8 0 61 22 22 84 54 31 9 29 30 39 52 60 20 9 41 31 1 40 0 66 1 48 38
56 70 50 89 80 38 10 23 13 60 16 3 70 12 66 97 61 56 85 25 13 68 92 28 64 65 30 66 0 71 23 92
60 54 75 71 14 65 81 21 3 48 24 39 6 69 65 14 54 10 28 39 77 20 94 30 67 63 82 1 71 0 34 20
15 75 38 84 50 54 19 15 22 6 37 98 28 53 78 92 60 33 81 5 24 94 73 99 66 76 73 48 23 34 0 27
51 99 22 76 100000 39 62 16 77 27 75 78 26 11 100 39 97 78 17 99 91 89 96 33 15 36 20 38 92 20 27 0
