16
0 58 44 77 49 71 48 6 82 13 85 27 33 47 1 45
58 0 73 84 11 34 92 52 61 31 40 61 39 70 91 100000
44 73 0 41 21 28 36 27 12 27 9 69 83 53 46 67
77 84 41 0 83 85 63 64 88 80 97 67 29 9 0 9
49 11 21 83 0 12 39 24 87 5 88 24 100 42 84 13
71 34 28 85 12 0 90 41 21 68 82 67 39 1 6 78
48 92 36 63 39 90 0 71 29 77 20 81 60 31 8 57
6 52 27 64 24 41 71 0 37 91 74 38 65 39 32 71
82 61 12 88 87 21 29 37 0 95 63 64 23 27 45 18
13 31 27 80 5 68 77 91 95 0 17 95 81 72 74 64
85 40 9 97 88 82 20 74 63 17 0 53 44 9 58 23
27 61 69 67 24 67 81 38 64 95 53 0 17 58 34 59
33 39 83 29 100 39 60 65 23 81 44 17 0 66 61 84
47 70 53 9 42 1 31 39 27 72 9 58 66 0 91 43
1 91 46 0 84 6 8 32 45 74 58 34 61 91 0 23
45 100000 67 9 13 78 57 71 18 64 23 59 84 43 23 0
