16
0 59 33 89 64 56 40 57 57 2 19 31 92 62 12 75
59 0 36 85 100 96 91 87 13 33 80 68 85 83 27 95
33 36 0 2 18 64 92 42 51 1 23 12 23 40 78 87
89 85 2 0 37 94 8 100000 97 9 90 64 19 98 4 80
64 100 18 37 0 72 68 33 74 68 63 20 55 59 89 2
56 96 64 94 72 0 79 69 61 63 4 42 57 40 65 92
40 91 92 8 68 79 0 0 59 30 51 0 70 40 97 18
57 87 42 100000 33 69 0 0 11 28 85 56 12 36 62 12
57 13 51 97 74 61 59 11 0 48 17 44 38 26 46 37
2 33 1 9 68 63 30 28 48 0 10 61 64 51 95 84
19 80 23 90 63 4 51 85 17 10 0 3 20 76 60 14
31 68 12 64 20 42 0 56 44 61 3 0 61 64 40 29
92 85 23 19 55 57 70 12 38 64 20 61 0 71 6 99
62 83 40 98 59 40 40 36 26 51 76 64 71 0 12 87
12 27 78 4 89 65 97 62 46 95 60 40 6 12 0 78
75 95 87 80 2 92 18 12 37 84 14 29 99 87 78 0
