32
0 94 100000 78 44 76 93 6 32 80 19 24 37 1 66 73 33 33 80 38 23 0 39 21 38 82 91 100 65 37 28 82
94 0 39 59 38 2 78 35 21 16 59 15 88 73 15 3 70 69 41 82 14 28 83 60 35 44 89 58 17 59 83 56
100000 39 0 82 95 94 19 56 70 19 88 82 91 35 37 94 43 90 42 90 40 100 5 82 20 44 26 100000 20 22 1 99
78 59 82 0 54 65 26 28 99 3 53 27 82 97 100 79 91 100 34 13 28 64 35 96 54 50 71 79 57 73 30 80
44 38 95 54 0 21 64 39 57 92 51 2 50 52 89 8 84 89 57 9 57 51 9 84 94 14 61 52 76 45 87 79
76 2 94 65 21 0 7 26 37 13 76 80 24 88 0 88 33 38 56 98 78 2 95 48 53 33 48 52 96 5 52 10
93 78 19 26 64 7 0 99 94 18 38 1 88 5 97 72 43 61 54 74 38 100000 94 99 48 29 6 0 69 52 17 74
6 35 56 28 39 26 99 0 67 98 100 6 22 81 37 70 29 23 68 37 100000 17 61 76 88 15 79 92 32 89 78 34
32 21 70 99 57 37 94 67 0 66 56 84 38 37 6 27 88 11 25 90 86 58 92 71 94 46 41 42 9 66 34 2
80 16 19 3 92 13 18 98 66 0 43 92 46 27 90 71 63 29 1 76 37 23 35 4 25 71 38 43 92 45 19 49
19 59 88 53 51 76 38 100 56 43 0 79 37 62 100000 41 26 61 76 53 90 62 80 31 60 42 68 75 37 83 63 99
24 15 82 27 2 80 1 6 84 92 79 0 0 64 95 66 24 37 1 54 59 59 15 38 74 82 52 42 32 7 98 44
37 88 91 82 50 24 88 22 38 46 37 0 0 42 85 41 20 64 15 18 82 2 48 7 64 37 12 92 52 72 9 10
1 73 35 97 52 88 5 81 37 27 62 64 42 0 23 65 65 99 45 65 18 99 45 64 100000 72 38 93 19 94 28 69
66 15 37 100 89 0 97 37 6 90 100000 95 85 23 0 50 29 75 4 3 72 44 13 45 69 41 94 59 5 5 36 36
73 3 94 79 8 88 72 70 27 71 41 66 41 65 50 0 16 72 70 21 48 49 90 90 65 99 73 20 17 2 77 34
33 70 43 91 84 33 43 29 88 63 26 24 20 65 29 16 0 91 24 4 94 47 33 89 67 39 78 13 47 100000 98 95
33 69 90 100 89 38 61 23 11 29 61 37 64 99 75 72 91 0 77 57 3 97 100000 28 11 51 86 49 30 13 24 45
80 41 42 34 57 56 54 68 25 1 76 1 15 45 4 70 24 77 0 33 28 73 78 11 6 33 66 31 79 88 73 51
38 82 90 13 9 98 74 37 90 76 53 54 18 65 3 21 4 57 33 0 70 43 47 29 57 39 44 14 13 98 67 56
23 14 40 28 57 78 38 100000 86 37 90 59 82 18 72 48 94 3 28 70 0 77 6 48 23 85 35 23 32 76 57 14
0 28 100 64 51 2 100000 17 58 23 62 59 2 99 44 49 47 97 73 43 77 0 41 62 54 97 18 30 65 24 28 55
39 83 5 35 9 95 94 61 92 35 80 15 48 45 13 90 33 100000 78 47 6 41 0 92 48 37 36 100 68 70 48 63
21 60 82 96 84 48 99 76 71 4 31 38 7 64 45 90 89 28 11 29 48 62 92 0 18 47 55 15 25 54 28 72
38 35 20 54 94 53 48 88 94 25 60 74 64 100000 69 65 67 11 6 57 23 54 48 18 0 75 71 13 0 16 24 89
82 44 44 50 14 33 29 15 46 71 42 82 37 72 41 99 39 51 33 39 85 97 37 47 75 0 4 24 38 41 34 76
91 89 26 71 61 48 6 79 41 38 68 52 12 38 94 73 78 86 66 44 35 18 36 55 71 4 0 1 45 22 40 58
100 58 100000 79 52 52 0 92 42 43 75 42 92 93 59 20 13 49 31 14 23 30 100 15 13 24 1 0 54 74 67 12
65 17 20 57 76 96 69 32 9 92 37 32 52 19 5 17 47 30 79 13 32 65 68 25 0 38 45 54 0 44 83 47
37 59 22 73 45 5 52 89 66 45 83 7 72 94 5 2 100000 13 88 98 76 24 70 54 16 41 22 74 44 0 27 68
28 83 1 30 87 52 17 78 34 19 63 98 9 28 36 77 98 24 73 67 57 28 48 28 24 34 40 67 83 27 0 14
82 56 99 80 79 10 74 34 2 49 99 44 10 69 36 34 95 45 51 56 14 55 63 72 89 76 58 12 47 68 14 0
