16
0 28 74 3 51 99 91 23 100000 100 0 74 63 47 87 89
28 0 36 99 10 50 32 59 82 94 72 3 56 12 77 91
74 36 0 43 19 54 85 97 44 77 80 32 5 73 21 61
3 99 43 0 2 56 2 74 88 100 82 79 62 80 25 91
51 10 19 2 0 33 68 100 63 35 3 34 97 98 47 66
99 50 54 56 33 0 39 86 91 38 42 90 91 93 22 15
91 32 85 2 68 39 0 63 89 82 21 30 76 79 97 97
23 59 97 74 100 86 63 0 6 65 14 10 100000 6 43 11
100000 82 44 88 63 91 89 6 0 100 38 48 73 65 74 40
100 94 77 100 35 38 82 65 100 0 87 44 1 95 88 83
0 72 80 82 3 42 21 14 38 87 0 93 5 20 75 85
74 3 32 79 34 90 30 10 48 44 93 0 13 5 80 95
63 56 5 62 97 91 76 100000 73 1 5 13 0 9 78 7
47 12 73 80 98 93 79 6 65 95 20 5 9 0 88 54
87 77 21 25 47 22 97 43 74 88 75 80 78 88 0 69
89 91 61 91 66 15 97 11 40 83 85 95 7 54 69 0
