16
0 57 36 84 50 72 53 100000 14 13 57 29 71 80 30 26
57 0 88 99 13 15 93 36 9 69 40 55 78 47 46 3
36 88 0 70 85 32 29 67 16 58 5 29 81 48 44 1
84 99 70 0 2 83 21 11 20 48 42 23 47 3 100000 58
50 13 85 2 0 32 37 60 81 70 55 66 7 73 53 11
72 15 32 83 32 0 81 45 63 32 100 45 76 49 92 92
53 93 29 21 37 81 0 62 74 77 33 25 95 90 23 44
100000 36 67 11 60 45 62 0 41 100 86 10 59 31 77 54
14 9 16 20 81 63 74 41 0 72 50 32 46 21 25 85
13 69 58 48 70 32 77 100 72 0 43 36 77 52 59 70
57 40 5 42 55 100 33 86 50 43 0 96 91 36 8 65
29 55 29 23 66 45 25 10 32 36 96 0 34 60 83 11
71 78 81 47 7 76 95 59 46 77 91 34 0 10 19 13
80 47 48 3 73 49 90 31 21 52 36 60 10 0 36 32
30 46 44 100000 53 92 23 77 25 59 8 83 19 36 0 84
26 3 1 58 11 92 44 54 85 70 65 11 13 32 84 0
