16
0 3 86 47 37 88 8 71 69 29 65 57 41 37 65 51
3 0 23 52 27 61 2 90 29 78 92 44 77 78 92 42
86 23 0 65 44 30 67 50 56 100 25 10 89 32 6 25
47 52 65 0 64 51 47 12 73 34 18 45 96 51 1 60
37 27 44 64 0 76 19 27 40 22 98 33 80 33 3 39
88 61 30 51 76 0 28 96 9 10 87 64 36 49 19 41
8 2 67 47 19 28 0 28 58 72 28 84 100 2 76 69
71 90 50 12 27 96 28 0 68 67 54 21 55 3 42 4
69 29 56 73 40 9 58 68 0 37 34 48 29 39 23 84
29 78 100 34 22 10 72 67 37 0 19 69 6 26 60 21
65 92 25 18 98 87 28 54 34 19 0 84 66 23 47 28
57 44 10 45 33 64 84 21 48 69 84 0 2 90 42 64
41 77 89 96 80 36 100 55 29 6 66 2 0 86 84 21
37 78 32 51 33 49 2 3 39 26 23 90 86 0 68 95
65 92 6 1 3 19 76 42 23 60 47 42 84 68 0 89
51 42 25 60 39 41 69 4 84 21 28 64 21 95 89 0
