32
0 31 44 28 98 90 16 9 51 27 16 19 79 87 81 50 86 12 10 5 72 2 74 65 72 68 78 84 78 94 30 28
31 0 70 71 97 10 2 41 9 28 95 23 3 26 80 62 73 67 66 24 23 27 42 30 24 92 34 83 52 75 53 69
44 70 0 14 9 46 0 42 20 7 70 1 16 2 96 24 34 19 91 46 48 100 75 81 14 95 91 75 0 5 23 9
28 71 14 0 5 93 54 34 60 25 60 74 25 64 21 77 33 41 87 72 23 93 0 14 83 90 48 74 30 0 54 19
98 97 9 5 0 45 50 77 60 85 98 7 16 100000 100000 73 56 88 59 58 95 40 24 100 25 58 2 40 31 14 55 88
90 10 46 93 45 0 77 74 88 91 2 95 75 12 55 35 94 64 85 28 88 40 65 67 13 20 42 100 63 71 13 49
16 2 0 54 50 77 0 69 91 76 58 42 6 11 28 37 14 88 41 88 8 55 35 85 43 7 46 30 69 24 30 4
9 41 42 34 77 74 69 0 62 12 46 33 70 39 75 66 85 63 25 39 89 50 66 95 20 72 96 92 14 66 96 21
51 9 20 60 60 88 91 62 0 45 45 59 39 70 90 13 26 56 48 56 11 54 52 68 77 22 55 53 5 1 61 5
27 28 7 25 85 91 76 12 45 0 99 33 41 4 13 36 47 51 22 43 89 16 73 16 74 13 1 36 39 12 30 55
16 95 70 60 98 2 58 46 45 99 0 77 35 89 21 46 75 27 84 92 92 88 92 70 14 43 92 5 36 37 19 44
19 23 1 74 7 95 42 33 59 33 77 0 2 75 51 85 50 9 92 66 39 37 52 91 21 77 81 71 17 100 52 35
79 3 16 25 16 75 6 70 39 41 35 2 0 88 20 51 6 77 39 89 41 90 17 92 60 68 59 56 75 100000 83 33
87 26 2 64 100000 12 11 39 70 4 89 75 88 0 72 48 6 43 85 100000 28 51 67 75 93 94 32 2 100 91 36 87
81 80 96 21 100000 55 28 75 90 13 21 51 20 72 0 55 59 17 66 44 74 27 36 90 38 17 58 5 81 32 82 28
50 62 24 77 73 35 37 66 13 36 46 85 51 48 55 0 55 79 85 69 72 85 45 6 22 75 54 13 40 79 44 97
86 73 34 33 56 94 14 85 26 47 75 50 6 6 59 55 0 69 77 11 5 27 26 66 25 85 4 76 60 6 98 14
12 67 19 41 88 64 88 63 56 51 27 9 77 43 17 79 69 0 18 89 2 97 55 4 100000 40 88 82 52 39 100000 36
10 66 91 87 59 85 41 25 48 22 84 92 39 85 66 85 77 18 0 47 62 82 30 87 100 73 82 23 75 9 100 60
5 24 46 72 58 28 88 39 56 43 92 66 89 100000 44 69 11 89 47 0 92 20 11 66 36 72 60 57 10 33 93 47
72 23 48 23 95 88 8 89 11 89 92 39 41 28 74 72 5 2 62 92 0 73 50 63 100000 59 63 35 56 8 87 79
2 27 100 93 40 40 55 50 54 16 88 37 90 51 27 85 27 97 82 20 73 0 14 57 98 10 98 2 16 46 45 16
74 42 75 0 24 65 35 66 52 73 92 52 17 67 36 45 26 55 30 11 50 14 0 42 32 75 12 32 74 55 46 54
65 30 81 14 100 67 85 95 68 16 70 91 92 75 90 6 66 4 87 66 63 57 42 0 31 93 38 66 24 98 24 100
72 24 14 83 25 13 43 20 77 74 14 21 60 93 38 22 25 100000 100 36 100000 98 32 31 0 31 23 6 100 51 23 84
68 92 95 90 58 20 7 72 22 13 43 77 68 94 17 75 85 40 73 72 59 10 75 93 31 0 6 34 5 73 68 12
78 34 91 48 2 42 46 96 55 1 92 81 59 32 58 54 4 88 82 60 63 98 12 38 23 6 0 0 15 11 66 3
84 83 75 74 40 100 30 92 53 36 5 71 56 2 5 13 76 82 23 57 35 2 32 66 6 34 0 0 83 44 33 92
78 52 0 30 31 63 69 14 5 39 36 17 75 100 81 40 60 52 75 10 56 16 74 24 100 5 15 83 0 59 51 4
94 75 5 0 14 71 24 66 1 12 37 100 100000 91 32 79 6 39 9 33 8 46 55 98 51 73 11 44 59 0 50 84
30 53 23 54 55 13 30 96 61 30 19 52 83 36 82 44 98 100000 100 93 87 45 46 24 23 68 66 33 51 50 0 91
28 69 9 19 88 49 4 21 5 55 44 35 33 87 28 97 14 36 60 47 79 16 54 100 84 12 3 92 4 84 91 0
