32
0 79 72 43 75 37 53 56 21 34 33 97 84 18 88 69 40 48 0 51 66 72 62 14 91 1 47 51 46 47 65 96
79 0 70 32 69 86 74 73 58 8 98 67 16 86 79 4 63 20 43 41 29 1 60 4 42 58 47 32 41 91 76 71
72 70 0 99 48 85 62 89 33 7 68 27 83 80 100000 48 59 40 29 98 100 67 62 64 44 19 42 63 99 64 9 98
43 32 99 0 5 68 15 36 11 56 41 62 18 70 6 0 88 80 17 90 66 14 7 66 40 36 27 22 65 27 94 96
75 69 48 5 0 47 62 69 32 94 92 1 67 99 66 75 56 23 81 56 15 21 41 75 99 38 90 100000 19 72 16 95
37 86 85 68 47 0 88 48 56 100 28 100 72 7 50 40 58 28 41 63 32 91 43 50 81 38 88 38 40 20 98 59
53 74 62 15 62 88 0 35 100000 23 45 52 62 3 15 73 20 46 71 1 35 10 93 13 31 72 76 75 33 33 81 33
56 73 89 36 69 48 35 0 79 52 24 55 13 52 100 48 37 100 71 28 77 53 89 4 70 65 60 42 65 82 9 71
21 58 33 11 32 56 100000 79 0 0 81 46 37 1 30 57 92 63 67 81 8 91 41 12 58 62 7 72 60 88 100000 88
34 8 7 56 94 100 23 52 0 0 92 48 50 100 38 51 93 81 57 59 64 64 18 99 44 38 44 75 3 47 92 57
33 98 68 41 92 28 45 24 81 92 0 14 78 100000 15 67 23 70 50 83 78 57 65 100000 95 15 78 12 96 53 71 93
97 67 27 62 1 100 52 55 46 48 14 0 7 12 60 13 79 94 15 19 85 70 18 86 66 69 59 34 93 87 86 68
84 16 83 18 67 72 62 13 37 50 78 7 0 40 86 80 64 12 70 16 82 23 15 59 49 60 58 14 68 34 53 64
18 86 80 70 99 7 3 52 1 100 100000 12 40 0 68 36 100000 3 70 84 45 3 17 56 61 78 51 88 63 36 77 73
88 79 100000 6 66 50 15 100 30 38 15 60 86 68 0 16 9 56 95 59 95 94 48 58 58 74 50 85 74 18 91 25
69 4 48 0 75 40 73 48 57 51 67 13 80 36 16 0 99 1 18 10 89 56 34 21 84 49 90 99 7 39 74 57
40 63 59 88 56 58 20 37 92 93 23 79 64 100000 9 99 0 59 68 58 59 58 71 72 99 62 57 54 99 88 88 33
48 20 40 80 23 28 46 100 63 81 70 94 12 3 56 1 59 0 56 73 52 29 75 42 68 74 93 10 78 93 4 26
0 43 29 17 81 41 71 71 67 57 50 15 70 70 95 18 68 56 0 97 20 69 46 97 37 39 35 74 20 83 38 43
51 41 98 90 56 63 1 28 81 59 83 19 16 84 59 10 58 73 97 0 72 97 41 88 66 49 82 48 98 6 28 3
66 29 100 66 15 32 35 77 8 64 78 85 82 45 95 89 59 52 20 72 0 4 64 34 29 15 20 23 0 48 22 59
72 1 67 14 21 91 10 53 91 64 57 70 23 3 94 56 58 29 69 97 4 0 18 96 2 21 53 20 75 71 54 55
62 60 62 7 41 43 93 89 41 18 65 18 15 17 48 34 71 75 46 41 64 18 0 87 1 7 38 39 77 77 44 37
14 4 64 66 75 50 13 4 12 99 100000 86 59 56 58 21 72 42 97 88 34 96 87 0 31 100 75 67 17 65 94 11
91 42 44 40 99 81 31 70 58 44 95 66 49 61 58 84 99 68 37 66 29 2 1 31 0 13 1 49 88 66 3 25
1 58 19 36 38 38 72 65 62 38 15 69 60 78 74 49 62 74 39 49 15 21 7 100 13 0 46 62 97 26 11 48
47 47 42 27 90 88 76 60 7 44 78 59 58 51 50 90 57 93 35 82 20 53 38 75 1 46 0 16 11 79 36 83
51 32 63 22 100000 38 75 42 72 75 12 34 14 88 85 99 54 10 74 48 23 20 39 67 49 62 16 0 35 67 4 41
46 41 99 65 19 40 33 65 60 3 96 93 68 63 74 7 99 78 20 98 0 75 77 17 88 97 11 35 0 40 13 5
47 91 64 27 72 20 33 82 88 47 53 87 34 36 18 39 88 93 83 6 48 71 77 65 66 26 79 67 40 0 21 25
65 76 9 94 16 98 81 9 100000 92 71 86 53 77 91 74 88 4 38 28 22 54 44 94 3 11 36 4 13 21 0 76
96 71 98 96 95 59 33 71 88 57 93 68 64 73 25 57 33 26 43 3 59 55 37 11 25 48 83 41 5 25 76 0
