32
0 33 86 9 19 47 46 78 31 69 35 82 2 57 12 22 53 1 27 13 54 90 62 86 92 5 79 93 14 71 31 1
33 0 95 70 91 16 36 99 29 70 83 42 65 66 53 40 84 50 0 65 66 56 89 74 47 38 41 71 70 64 71 91
86 95 0 51 38 76 100 91 87 59 94 69 90 70 62 20 75 25 39 37 67 99 43 53 79 70 85 15 6 57 85 85
9 70 51 0 14 9 81 22 47 33 15 12 44 71 10 82 24 91 52 46 40 82 33 96 57 65 30 40 92 65 74 83
19 91 38 14 0 72 92 1 51 13 0 24 46 98 37 38 4 42 96 75 32 57 14 45 50 84 60 80 66 99 19 35
47 16 76 9 72 0 80 3 55 5 19 92 37 55 47 40 85 46 26 10 97 21 58 20 47 22 22 45 47 98 46 20
46 36 100 81 92 80 0 85 0 87 1 78 24 38 19 54 50 18 29 37 63 4 43 20 69 28 39 18 50 13 30 88
78 99 91 22 1 3 85 0 60 2 49 100000 58 97 69 1 59 21 13 60 10 65 2 33 98 30 74 48 21 99 96 14
31 29 87 47 51 55 0 60 0 21 10 90 52 21 46 51 4 86 18 85 40 73 62 39 64 99 41 34 28 22 8 2
69 70 59 33 13 5 87 2 21 0 53 10 85 45 4 22 28 24 100 5 92 88 52 69 11 49 57 8 88 83 22 85
35 83 94 15 0 19 1 49 10 53 0 43 6 35 27 88 61 80 16 98 89 40 46 47 73 88 37 76 44 56 63 86
82 42 69 12 24 92 78 100000 90 10 43 0 20 59 100 87 0 50 67 89 85 81 8 73 37 10 68 85 55 46 35 59
2 65 90 44 46 37 24 58 52 85 6 20 0 56 53 59 46 56 82 35 61 56 47 0 94 18 34 96 62 71 54 19
57 66 70 71 98 55 38 97 21 45 35 59 56 0 43 61 38 76 44 73 93 60 35 91 56 24 62 15 75 30 39 64
12 53 62 10 37 47 19 69 46 4 27 100 53 43 0 37 32 36 50 37 47 46 18 20 96 59 69 47 14 28 88 38
22 40 20 82 38 40 54 1 51 22 88 87 59 61 37 0 98 51 98 92 83 35 54 37 66 96 54 98 2 73 11 100
53 84 75 24 4 85 50 59 4 28 61 0 46 38 32 98 0 27 75 98 73 48 84 5 53 83 99 13 39 34 56 11
1 50 25 91 42 46 18 21 86 24 80 50 56 76 36 51 27 0 67 64 71 11 87 99 34 33 100 54 12 97 91 45
27 0 39 52 96 26 29 13 18 100 16 67 82 44 50 98 75 67 0 33 8 48 7 41 28 66 14 30 30 85 87 40
13 65 37 46 75 10 37 60 85 5 98 89 35 73 37 92 98 64 33 0 90 19 54 50 24 45 100 33 61 93 36 73
54 66 67 40 32 97 63 10 40 92 89 85 61 93 47 83 73 71 8 90 0 32 3 87 2 34 3 49 33 36 44 43
90 56 99 82 57 21 4 65 73 88 40 81 56 60 46 35 48 11 48 19 32 0 60 34 78 93 34 95 30 53 24 28
62 89 43 33 14 58 43 2 62 52 46 8 47 35 18 54 84 87 7 54 3 60 0 38 50 1 74 38 25 2 12 35
86 74 53 96 45 20 20 33 39 69 47 73 0 91 20 37 5 99 41 50 87 34 38 0 1 87 90 78 80 11 98 91
92 47 79 57 50 47 69 98 64 11 73 37 94 56 96 66 53 34 28 24 2 78 50 1 0 7 27 50 60 0 30 73
5 38 70 65 84 22 28 30 99 49 88 10 18 24 59 96 83 33 66 45 34 93 1 87 7 0 100 64 33 95 48 56
79 41 85 30 60 22 39 74 41 57 37 68 34 62 69 54 99 100 14 100 3 34 74 90 27 100 0 42 34 0 31 57
93 71 15 40 80 45 18 48 34 8 76 85 96 15 47 98 13 54 30 33 49 95 38 78 50 64 42 0 48 47 100000 60
14 70 6 92 66 47 50 21 28 88 44 55 62 75 14 2 39 12 30 61 33 30 25 80 60 33 34 48 0 82 69 37
71 64 57 65 99 98 13 99 22 83 56 46 71 30 28 73 34 97 85 93 36 53 2 11 0 95 0 47 82 0 33 76
31 71 85 74 19 46 30 96 8 22 63 35 54 39 88 11 56 91 87 36 44 24 12 98 30 48 31 100000 69 33 0 28
1 91 85 83 35 20 88 14 2 85 86 59 19 64 38 100 11 45 40 73 43 28 35 91 73 56 57 60 37 76 28 0
