16
0 82 100 34 86 94 37 67 69 48 59 36 17 91 83 57
82 0 43 26 51 48 34 91 61 11 23 93 42 2 95 69
100 43 0 70 82 38 74 83 64 20 83 5 88 47 80 15
34 26 70 0 2 8 56 66 96 92 84 76 60 94 70 75
86 51 82 2 0 47 57 82 81 20 63 1 5 84 58 56
94 48 38 8 47 0 26 53 16 50 68 50 98 35 88 7
37 34 74 56 57 26 0 47 36 52 54 1 79 93 98 10
67 91 83 66 82 53 47 0 14 92 52 35 70 41 86 2
69 61 64 96 81 16 36 14 0 56 69 77 14 43 87 58
48 11 20 92 20 50 52 92 56 0 40 76 29 100000 87 51
59 23 83 84 63 68 54 52 69 40 0 48 47 21 71 94
36 93 5 76 1 50 1 35 77 76 48 0 43 50 19 50
17 42 88 60 5 98 79 70 14 29 47 43 0 92 6 16
91 2 47 94 84 35 93 41 43 100000 21 50 92 0 4 82
83 95 80 70 58 88 98 86 87 87 71 19 6 4 0 16
57 69 15 75 56 7 10 2 58 51 94 50 16 82 16 0
