16
0 88 86 100 82 9 30 99 50 97 18 12 40 65 20 50
88 0 68 73 24 29 94 49 33 19 38 54 9 21 32 23
86 68 0 68 60 95 79 87 70 76 71 93 14 1 15 48
100 73 68 0 29 67 85 82 44 61 62 14 68 57 49 35
82 24 60 29 0 5 58 35 47 62 29 21 18 70 87 75
9 29 95 67 5 0 24 95 15 87 9 86 39 78 66 37
30 94 79 85 58 24 0 51 53 20 45 49 4 91 36 78
99 49 87 82 35 95 51 0 85 36 10 38 58 75 39 94
50 33 70 44 47 15 53 85 0 59 52 82 92 54 1 72
97 19 76 61 62 87 20 36 59 0 36 37 41 45 49 53
18 38 71 62 29 9 45 10 52 36 0 82 42 39 75 22
12 54 93 14 21 86 49 38 82 37 82 0 61 93 39 71
40 9 14 68 18 39 4 58 92 41 42 61 0 95 3 46
65 21 1 57 70 78 91 75 54 45 39 93 95 0 9 19
20 32 15 49 87 66 36 39 1 49 75 39 3 9 0 27
50 23 48 35 75 37 78 94 72 53 22 71 46 19 27 0
