16
0 64 8 100000 18 98 62 0 11 58 70 85 83 65 84 39
64 0 31 15 25 29 11 28 68 81 1 84 38 50 17 80
8 31 0 66 57 32 40 10 32 96 37 63 57 69 32 10
100000 15 66 0 9 91 21 11 39 7 9 0 40 40 8 30
18 25 57 9 0 51 63 70 63 57 48 9 81 78 93 58
98 29 32 91 51 0 34 56 25 93 0 41 7 41 3 35
62 11 40 21 63 34 0 89 95 87 40 36 73 2 44 56
0 28 10 11 70 56 89 0 38 5 30 34 51 83 81 38
11 68 32 39 63 25 95 38 0 95 18 94 81 48 99 100000
58 81 96 7 57 93 87 5 95 0 22 35 21 22 38 19
70 1 37 9 48 0 40 30 18 22 0 16 91 97 74 0
85 84 63 0 9 41 36 34 94 35 16 0 98 40 56 95
83 38 57 40 81 7 73 51 81 21 91 98 0 1 71 9
65 50 69 40 78 41 2 83 48 22 97 40 1 0 40 53
84 17 32 8 93 3 44 81 99 38 74 56 71 40 0 87
39 80 10 30 58 35 56 38 100000 19 0 95 9 53 87 0
