32
0 33 39 78 26 64 55 99 58 81 27 43 61 66 15 82 63 79 100000 56 89 100000 99 35 43 5 99 98 100 72 0 48
33 0 100000 72 6 75 35 83 14 15 35 13 49 87 48 34 9 4 83 28 64 81 29 49 13 78 63 39 82 5 15 22
39 100000 0 54 56 62 97 28 45 9 31 43 100000 17 3 88 92 18 46 72 85 9 95 0 98 28 83 90 86 66 84 95
78 72 54 0 66 95 76 62 85 67 0 54 18 57 65 100 55 74 50 57 12 97 21 71 100 37 26 70 42 73 66 72
26 6 56 66 0 88 88 60 61 49 18 65 31 64 6 42 41 40 86 58 76 48 52 46 26 60 98 74 24 75 3 15
64 75 62 95 88 0 82 3 57 70 11 55 100 94 44 84 6 85 68 90 46 99 47 21 52 30 29 63 44 10 68 80
55 35 97 76 88 82 0 82 81 18 3 59 20 97 9 96 55 47 45 7 100 77 57 40 17 73 81 52 83 43 72 54
99 83 28 62 60 3 82 0 92 86 63 17 48 17 51 0 88 3 24 22 87 2 31 78 65 29 70 60 45 33 66 77
58 14 45 85 61 57 81 92 0 79 52 15 60 30 17 44 53 95 84 64 86 20 95 81 50 60 50 72 78 80 27 67
81 15 9 67 49 70 18 86 79 0 48 40 16 74 22 13 52 19 24 13 70 94 64 46 7 14 34 36 85 67 44 54
27 35 31 0 18 11 3 63 52 48 0 93 88 86 58 1 77 46 33 86 35 59 21 54 35 38 41 21 95 22 21 100000
43 13 43 54 65 55 59 17 15 40 93 0 24 27 61 71 29 14 49 58 56 9 95 52 100000 14 5 99 88 73 8 16
61 49 100000 18 31 100 20 48 60 16 88 24 0 25 14 69 74 70 59 30 79 39 29 94 47 43 33 91 62 73 84 59
66 87 17 57 64 94 97 17 30 74 86 27 25 0 89 28 32 93 35 86 98 25 45 65 99 96 23 36 83 31 3 93
15 48 3 65 6 44 9 51 17 22 58 61 14 89 0 15 6 91 74 63 73 46 33 48 70 31 6 65 18 63 44 69
82 34 88 100 42 84 96 0 44 13 1 71 69 28 15 0 54 72 53 54 20 81 73 68 50 41 77 1 9 5 5 44
63 9 92 55 41 6 55 88 53 52 77 29 74 32 6 54 0 46 24 61 8 48 49 75 87 87 61 47 27 43 81 42
79 4 18 74 40 85 47 3 95 19 46 14 70 93 91 72 46 0 87 47 67 98 93 19 69 12 37 72 66 0 12 55
100000 83 46 50 86 68 45 24 84 24 33 49 59 35 74 53 24 87 0 94 30 42 60 88 24 66 24 5 86 18 94 82
56 28 72 57 58 90 7 22 64 13 86 58 30 86 63 54 61 47 94 0 79 46 68 49 57 44 81 16 2 85 22 99
89 64 85 12 76 46 100 87 86 70 35 56 79 98 73 20 8 67 30 79 0 56 97 48 7 22 100000 51 87 7 83 45
100000 81 9 97 48 99 77 2 20 94 59 9 39 25 46 81 48 98 42 46 56 0 3 27 4 67 96 46 84 33 64 13
99 29 95 21 52 47 57 31 95 64 21 95 29 45 33 73 49 93 60 68 97 3 0 79 64 13 62 20 30 17 21 18
35 49 0 71 46 21 40 78 81 46 54 52 94 65 48 68 75 19 88 49 48 27 79 0 48 56 67 42 4 40 100000 44
43 13 98 100 26 52 17 65 50 7 35 100000 47 99 70 50 87 69 24 57 7 4 64 48 0 61 98 34 60 70 87 45
5 78 28 37 60 30 73 29 60 14 38 14 43 96 31 41 87 12 66 44 22 67 13 56 61 0 18 91 63 34 26 1
99 63 83 26 98 29 81 70 50 34 41 5 33 23 6 77 61 37 24 81 100000 96 62 67 98 18 0 28 56 59 73 67
98 39 90 70 74 63 52 60 72 36 21 99 91 36 65 1 47 72 5 16 51 46 20 42 34 91 28 0 81 14 100 93
100 82 86 42 24 44 83 45 78 85 95 88 62 83 18 9 27 66 86 2 87 84 30 4 60 63 56 81 0 4 66 96
72 5 66 73 75 10 43 33 80 67 22 73 73 31 63 5 43 0 18 85 7 33 17 40 70 34 59 14 4 0 37 96
0 15 84 66 3 68 72 66 27 44 21 8 84 3 44 5 81 12 94 22 83 64 21 100000 87 26 73 100 66 37 0 71
48 22 95 72 15 80 54 77 67 54 100000 16 59 93 69 44 42 55 82 99 45 13 18 44 45 1 67 93 96 96 71 0
