16
0 13 10 3 3 27 5 14 100000 6 0 16 5 14 28 12
13 0 21 12 10 38 14 13 19 17 13 3 16 8 37 23
10 21 0 13 13 27 15 20 26 6 10 18 5 14 21 12
3 12 13 0 2 30 2 17 23 9 3 15 8 17 25 15
3 10 13 2 0 30 4 17 23 9 3 13 8 17 27 15
27 38 27 30 30 0 32 26 32 23 27 35 22 31 22 15
5 14 15 2 4 32 0 19 25 11 5 17 10 19 27 17
14 13 20 17 17 26 19 0 6 16 14 10 100000 6 41 11
100000 19 26 23 23 32 25 6 0 22 20 16 21 12 47 17
6 17 6 9 9 23 11 16 22 0 6 14 1 10 27 8
0 13 10 3 3 27 5 14 20 6 0 16 5 14 28 12
16 3 18 15 13 35 17 10 16 14 16 0 13 5 39 20
5 16 5 8 8 22 10 100000 21 1 5 13 0 9 26 7
14 8 14 17 17 31 19 6 12 10 14 5 9 0 35 16
28 37 21 25 27 22 27 41 47 27 28 39 26 35 0 33
12 23 12 15 15 15 17 11 17 8 12 20 7 16 33 0
