16
0 23 8 11 41 21 22 13 24 13 11 18 25 26 100000 13
23 0 15 12 18 2 4 14 18 14 12 5 13 14 8 13
8 15 0 3 33 13 14 5 16 5 3 10 22 23 23 5
11 12 3 0 30 14 11 2 13 2 0 13 19 20 20 2
41 18 33 30 0 20 22 32 36 32 30 23 31 32 26 31
21 2 13 14 20 0 6 16 20 16 14 3 11 12 10 15
22 4 14 11 22 6 0 13 14 13 11 9 17 18 12 9
13 14 5 2 32 16 13 0 15 4 2 15 21 22 22 4
24 18 16 13 36 20 14 15 0 11 13 100000 31 32 18 15
13 14 5 2 32 16 13 4 11 0 2 15 21 22 22 4
11 12 3 0 30 14 11 2 13 2 0 13 19 20 20 2
18 5 10 13 23 3 9 15 100000 15 13 0 14 15 13 15
25 13 22 19 31 11 17 21 31 21 19 14 0 1 21 21
26 14 23 20 32 12 18 22 32 22 20 15 1 0 22 22
100000 8 23 20 26 10 12 22 18 22 20 13 21 22 0 21
13 13 5 2 31 15 9 4 15 4 2 15 21 22 21 0
