16
0 19 8 100000 18 18 28 0 11 5 18 11 25 26 19 18
19 0 11 10 19 1 11 19 19 17 1 10 8 9 4 1
8 11 0 19 26 10 20 8 19 13 10 19 17 18 13 10
100000 10 19 0 9 9 19 11 22 7 9 0 16 17 8 9
18 19 26 9 0 18 28 18 29 16 18 9 25 26 17 18
18 1 10 9 18 0 10 18 18 16 0 9 7 8 3 0
28 11 20 19 28 10 0 28 28 24 10 19 3 2 13 10
0 19 8 11 18 18 28 0 11 5 18 11 25 26 19 18
11 19 19 22 29 18 28 11 0 16 18 22 25 26 21 100000
5 17 13 7 16 16 24 5 16 0 16 7 21 22 15 16
18 1 10 9 18 0 10 18 18 16 0 9 7 8 3 0
11 10 19 0 9 9 19 11 22 7 9 0 16 17 8 9
25 8 17 16 25 7 3 25 25 21 7 16 0 1 10 7
26 9 18 17 26 8 2 26 26 22 8 17 1 0 11 8
19 4 13 8 17 3 13 19 21 15 3 8 10 11 0 3
18 1 10 9 18 0 10 18 100000 16 0 9 7 8 3 0
