16
0 32 30 26 14 9 27 28 21 47 18 12 23 29 20 40
32 0 22 53 24 28 13 47 13 19 37 44 9 21 12 23
30 22 0 55 31 26 17 45 11 37 35 42 13 1 10 20
26 53 55 0 29 34 51 52 44 51 43 14 47 54 45 35
14 24 31 29 0 5 22 24 20 42 14 21 18 30 21 36
9 28 26 34 5 0 23 19 15 43 9 21 19 25 16 31
27 13 17 51 22 23 0 42 8 20 32 39 4 16 7 34
28 47 45 52 24 19 42 0 34 36 10 38 38 44 35 32
21 13 11 44 20 15 8 34 0 28 24 33 4 10 1 28
47 19 37 51 42 43 20 36 28 0 36 37 24 36 27 42
18 37 35 43 14 9 32 10 24 36 0 30 28 34 25 22
12 44 42 14 21 21 39 38 33 37 30 0 35 41 32 49
23 9 13 47 18 19 4 38 4 24 28 35 0 12 3 30
29 21 1 54 30 25 16 44 10 36 34 41 12 0 9 19
20 12 10 45 21 16 7 35 1 27 25 32 3 9 0 27
40 23 20 35 36 31 34 32 28 42 22 49 30 19 27 0
