16
0 29 28 24 22 32 24 35 31 42 48 23 17 27 23 33
29 0 23 19 17 27 19 24 26 11 23 18 12 2 6 22
28 23 0 8 6 16 6 17 25 20 42 5 11 21 17 15
24 19 8 0 2 8 4 16 21 22 38 3 7 17 13 14
22 17 6 2 0 10 2 14 19 20 36 1 5 15 11 12
32 27 16 8 10 0 12 9 16 30 46 11 15 25 21 7
24 19 6 4 2 12 0 12 21 22 38 1 7 17 13 10
35 24 17 16 14 9 12 0 14 34 43 13 18 22 18 2
31 26 25 21 19 16 21 14 0 39 45 20 14 24 20 16
42 11 20 22 20 30 22 34 39 0 34 21 25 100000 31 32
48 23 42 38 36 46 38 43 45 34 0 37 31 21 25 41
23 18 5 3 1 11 1 13 20 21 37 0 6 16 12 11
17 12 11 7 5 15 7 18 14 25 31 6 0 10 6 16
27 2 21 17 15 25 17 22 24 100000 21 16 10 0 4 20
23 6 17 13 11 21 13 18 20 31 25 12 6 4 0 16
33 22 15 14 12 7 10 2 16 32 41 11 16 20 16 0
