16
0 3 26 22 24 33 5 10 32 29 30 31 33 7 23 14
3 0 23 19 21 30 2 7 29 30 27 28 30 4 20 11
26 23 0 7 9 25 24 19 29 18 25 10 12 22 6 23
22 19 7 0 4 20 17 12 24 25 18 17 19 15 1 16
24 21 9 4 0 22 19 16 26 22 22 19 21 19 3 20
33 30 25 20 22 0 28 32 9 10 29 18 16 30 19 31
5 2 24 17 19 28 0 5 31 28 25 26 28 2 18 9
10 7 19 12 16 32 5 0 36 25 26 21 23 3 13 4
32 29 29 24 26 9 31 36 0 19 34 27 25 33 23 40
29 30 18 25 22 10 28 25 19 0 19 8 6 26 24 21
30 27 25 18 22 29 25 26 34 19 0 27 25 23 19 28
31 28 10 17 19 18 26 21 27 8 27 0 2 24 16 23
33 30 12 19 21 16 28 23 25 6 25 2 0 26 18 21
7 4 22 15 19 30 2 3 33 26 23 24 26 0 16 7
23 20 6 1 3 19 18 13 23 24 19 16 18 16 0 17
14 11 23 16 20 31 9 4 40 21 28 23 21 7 17 0
