16
0 35 3 5 21 16 13 13 24 2 12 13 15 21 9 23
35 0 33 31 38 31 24 24 13 33 27 24 33 39 27 36
3 33 0 2 18 15 10 10 21 1 11 10 12 18 6 20
5 31 2 0 20 15 8 100000 19 3 11 8 10 16 4 20
21 38 18 20 0 20 14 14 25 19 16 14 26 36 24 2
16 31 15 15 20 0 7 7 18 14 4 7 19 31 19 18
13 24 10 8 14 7 0 0 11 11 3 0 12 24 12 12
13 24 10 100000 14 7 0 0 11 11 3 0 12 24 12 12
24 13 21 19 25 18 11 11 0 22 14 11 23 26 23 23
2 33 1 3 19 14 11 11 22 0 10 11 13 19 7 21
12 27 11 11 16 4 3 3 14 10 0 3 15 27 15 14
13 24 10 8 14 7 0 0 11 11 3 0 12 24 12 12
15 33 12 10 26 19 12 12 23 13 15 12 0 18 6 24
21 39 18 16 36 31 24 24 26 19 27 24 18 0 12 36
9 27 6 4 24 19 12 12 23 7 15 12 6 12 0 24
23 36 20 20 2 18 12 12 23 21 14 12 24 36 24 0
