16
0 10 12 0 11 0 10 2 4 9 100000 100000 23 2 21 7
10 0 22 10 14 10 11 12 14 15 0 26 29 12 27 17
12 22 0 12 23 12 14 10 8 17 22 28 31 14 29 18
0 10 12 0 11 0 10 2 4 9 10 16 23 2 21 7
11 14 23 11 0 11 21 13 15 19 14 27 33 13 32 18
0 10 12 0 11 0 10 2 4 9 10 16 23 2 21 7
10 11 14 10 21 10 0 8 6 15 11 19 29 12 16 17
2 12 10 2 13 2 8 0 2 11 12 18 25 4 19 9
4 14 8 4 15 4 6 2 0 9 14 20 23 6 21 11
9 15 17 9 19 9 15 11 9 0 15 14 14 11 22 2
100000 0 22 10 14 10 11 12 14 15 0 26 29 12 27 17
100000 26 28 16 27 16 19 18 20 14 26 0 28 14 35 12
23 29 31 23 33 23 29 25 23 14 29 28 0 25 36 16
2 12 14 2 13 2 12 4 6 11 12 14 25 0 23 9
21 27 29 21 32 21 16 19 21 22 27 35 36 23 0 24
7 17 18 7 18 7 17 9 11 2 17 12 16 9 24 0
