16
0 29 26 1 18 7 9 6 28 13 17 27 30 8 1 10
29 0 32 29 11 23 37 35 44 16 33 35 39 24 29 100000
26 32 0 25 21 19 29 27 12 26 9 45 35 18 25 30
1 29 25 0 18 6 8 7 27 14 16 28 29 7 0 9
18 11 21 18 0 12 26 24 31 5 22 24 41 13 18 13
7 23 19 6 12 0 14 13 21 17 10 34 35 1 6 15
9 37 29 8 26 14 0 15 29 22 20 36 37 15 8 17
6 35 27 7 24 13 15 0 34 19 23 33 36 14 7 16
28 44 12 27 31 21 29 34 0 36 21 40 23 22 27 18
13 16 26 14 5 17 22 19 36 0 17 29 43 18 14 18
17 33 9 16 22 10 20 23 21 17 0 44 44 9 16 23
27 35 45 28 24 34 36 33 40 29 44 0 17 35 28 37
30 39 35 29 41 35 37 36 23 43 44 17 0 36 29 38
8 24 18 7 13 1 15 14 22 18 9 35 36 0 7 16
1 29 25 0 18 6 8 7 27 14 16 28 29 7 0 9
10 100000 30 9 13 15 17 16 18 18 23 37 38 16 9 0
